48 65 6c 6c 6f 20 65 76 65 72 79 62 6f 64 79 20 6f 75 74 20 74 68 65 72 65 20 75 73 69 6e 67 20 6d 69 6e 69 78
20 2d 49 27 6d 20 64 6f 69 6e 67 20 61 20 28 66 72 65 65 29 20 6f 70 65 72 61 74 69 6e 67 20 73 79 73 74 65 6d
20 28 6a 75 73 74 20 61 20 68 6f 62 62 79 2c 20 77 6f 6e 27 74 20 62 65 20 62 69 67 20 61 6e 64 70 72 6f 66 65
73 73 69 6f 6e 61 6c 20 6c 69 6b 65 20 67 6e 75 29 20 66 6f 72 20 33 38 36 28 34 38 36 29 20 41 54 20 63 6c 6f
6e 65 73 2e 20 20 54 68 69 73 20 68 61 73 20 62 65 65 6e 20 62 72 65 77 69 6e 67 73 69 6e 63 65 20 61 70 72 69
6c 2c 20 61 6e 64 20 69 73 20 73 74 61 72 74 69 6e 67 20 74 6f 20 67 65 74 20 72 65 61 64 79 2e 20 20 49 27 64
20 6c 69 6b 65 20 61 6e 79 20 66 65 65 64 62 61 63 6b 20 6f 6e 74 68 69 6e 67 73 20 70 65 6f 70 6c 65 20 6c 69
6b 65 2f 64 69 73 6c 69 6b 65 20 69 6e 20 6d 69 6e 69 78 2c 20 61 73 20 6d 79 20 4f 53 20 72 65 73 65 6d 62 6c
65 73 20 69 74 20 73 6f 6d 65 77 68 61 74 73 61 6d 65 20 70 68 79 73 69 63 61 6c 20 6c 61 79 6f 75 74 20 6f 66
20 74 68 65 20 66 69 6c 65 2d 73 79 73 74 65 6d 20 28 64 75 65 20 74 6f 20 70 72 61 63 74 69 63 61 6c 20 72 65
61 73 6f 6e 73 29 61 6d 6f 6e 67 20 6f 74 68 65 72 20 74 68 69 6e 67 73 29 2e 20 49 27 76 65 20 63 75 72 72 65
6e 74 6c 79 20 70 6f 72 74 65 64 20 62 61 73 68 28 31 2e 30 38 29 20 61 6e 64 20 67 63 63 28 31 2e 34 30 29 2c
20 61 6e 64 20 74 68 69 6e 67 73 20 73 65 65 6d 20 74 6f 20 77 6f 72 6b 2e 54 68 69 73 20 69 6d 70 6c 69 65 73
20 74 68 61 74 20 49 27 6c 6c 20 67 65 74 20 73 6f 6d 65 74 68 69 6e 67 20 70 72 61 63 74 69 63 61 6c 20 77 69
74 68 69 6e 20 61 20 66 65 77 20 6d 6f 6e 74 68 73 2c 20 61 6e 64 49 27 64 20 6c 69 6b 65 20 74 6f 20 6b 6e 6f
77 20 77 68 61 74 20 66 65 61 74 75 72 65 73 20 6d 6f 73 74 20 70 65 6f 70 6c 65 20 77 6f 75 6c 64 20 77 61 6e
74 2e 20 20 41 6e 79 20 73 75 67 67 65 73 74 69 6f 6e 73 61 72 65 20 77 65 6c 63 6f 6d 65 2c 20 62 75 74 20 49
20 77 6f 6e 27 74 20 70 72 6f 6d 69 73 65 20 49 27 6c 6c 20 69 6d 70 6c 65 6d 65 6e 74 20 74 68 65 6d 20 3a 2d
29